xof 0303txt 0032
template SkinWeights {
 <6f0d123b-bad2-4167-a0d0-80224f25fabb>
 STRING transformNodeName;
 DWORD nWeights;
 array DWORD vertexIndices[nWeights];
 array FLOAT weights[nWeights];
 Matrix4x4 matrixOffset;
}

template XSkinMeshHeader {
 <3cf169ce-ff7c-44ab-93c0-f78f62d172e2>
 WORD nMaxSkinWeightsPerVertex;
 WORD nMaxSkinWeightsPerFace;
 WORD nBones;
}


Frame Scene_Root {
 

 FrameTransformMatrix {
  1.000000,0.000000,0.000000,0.000000,0.000000,0.984808,0.173648,0.000000,0.000000,-0.173648,0.984808,0.000000,-0.000000,-0.644132,-2.424426,1.000000;;
 }

 Frame Bip01 {
  

  FrameTransformMatrix {
   -0.016853,0.259439,0.965613,0.000000,0.004528,0.965759,-0.259399,0.000000,-0.999848,0.000000,-0.017451,0.000000,-0.002563,26.690100,2.374651,1.000000;;
  }

  Frame Bip01_Footsteps {
   

   FrameTransformMatrix {
    -0.016853,0.004527,-0.999848,0.000000,0.259439,0.965760,0.000000,0.000000,0.965612,-0.259399,-0.017451,0.000000,-6.924441,-25.776215,-0.000000,1.000000;;
   }
  }

  Frame Bip01_Pelvis {
   

   FrameTransformMatrix {
    0.000000,1.000000,0.000001,0.000000,-0.000001,0.000001,-1.000000,0.000000,-1.000000,-0.000000,0.000001,0.000000,-0.139869,0.000002,-0.000000,1.000000;;
   }

   Frame Bip01_Spine {
    

    FrameTransformMatrix {
     0.998772,0.005138,0.049265,0.000000,-0.005806,0.999893,0.013426,0.000000,-0.049191,-0.013695,0.998695,0.000000,1.038486,-0.000011,0.000934,1.000000;;
    }

    Frame Bip01_Spine1 {
     

     FrameTransformMatrix {
      0.970845,0.004290,0.239671,0.000000,-0.005446,0.999977,0.004162,0.000000,-0.239647,-0.005346,0.970845,0.000000,1.175516,-0.000005,0.000830,1.000000;;
     }

     Frame Bip01_Spine2 {
      

      FrameTransformMatrix {
       0.957625,-0.000457,0.288016,0.000000,-0.006060,0.999745,0.021737,0.000000,-0.287952,-0.022561,0.957379,0.000000,1.071268,-0.000040,0.001712,1.000000;;
      }

      Frame Bip01_Neck {
       

       FrameTransformMatrix {
        0.973329,0.000001,-0.229415,0.000000,-0.000001,1.000000,0.000000,0.000000,0.229415,0.000000,0.973328,0.000000,2.245592,-0.000000,0.000635,1.000000;;
       }

       Frame Bip01_Head {
        

        FrameTransformMatrix {
         0.712497,0.023477,0.701283,0.000000,0.009878,0.999006,-0.043479,0.000000,-0.701606,0.037906,0.711556,0.000000,0.820562,0.000000,-0.000001,1.000000;;
        }

        Frame Bip01_HeadNub {
         

         FrameTransformMatrix {
          1.000000,-0.000000,0.000000,0.000000,0.000000,1.000000,-0.000000,0.000000,0.000000,0.000000,1.000000,0.000000,2.163835,-0.000000,0.000002,1.000000;;
         }
        }
       }

       Frame Bip01_L_Clavicle {
        

        FrameTransformMatrix {
         -0.253341,0.965519,-0.059923,0.000000,0.939591,0.260331,0.222253,0.000000,0.230190,0.000003,-0.973146,0.000000,0.000002,0.392461,-0.000652,1.000000;;
        }

        Frame Bip01_L_UpperArm {
         

         FrameTransformMatrix {
          0.583843,-0.607504,-0.538578,0.000000,0.541308,0.785696,-0.299446,0.000000,0.605073,-0.116707,0.787570,0.000000,1.503996,0.000000,-0.000002,1.000000;;
         }

         Frame Bip01_L_Forearm {
          

          FrameTransformMatrix {
           0.932483,0.000000,0.361215,0.000000,-0.000000,1.000000,0.000000,0.000000,-0.361215,-0.000000,0.932483,0.000000,2.542927,0.000000,0.000001,1.000000;;
          }

          Frame Bip01_L_Hand {
           

           FrameTransformMatrix {
            0.985707,-0.106444,0.130581,0.000000,-0.083904,-0.982316,-0.167377,0.000000,0.146088,0.154028,-0.977207,0.000000,2.896987,0.000000,0.000000,1.000000;;
           }

           Frame Bip01_L_Finger0 {
            

            FrameTransformMatrix {
             0.501306,-0.754221,-0.424080,0.000000,0.849147,0.334652,0.408605,0.000000,-0.166259,-0.564943,0.808207,0.000000,0.710975,-0.414134,-0.129372,1.000000;;
            }

            Frame Bip01_L_Finger01 {
             

             FrameTransformMatrix {
              0.992384,0.000000,-0.123184,0.000000,-0.000000,1.000000,0.000000,0.000000,0.123184,0.000000,0.992384,0.000000,0.384852,0.000000,0.000001,1.000000;;
             }

             Frame Bip01_L_Finger02 {
              

              FrameTransformMatrix {
               0.985270,-0.000000,-0.171009,0.000000,-0.000000,1.000000,-0.000000,0.000000,0.171009,0.000000,0.985269,0.000000,0.385461,0.000002,0.000000,1.000000;;
              }

              Frame Bip01_L_Finger0Nub {
               

               FrameTransformMatrix {
                1.000000,0.000000,0.000000,0.000000,-0.000000,1.000000,0.000000,0.000000,0.000000,0.000000,1.000000,0.000000,0.280157,-0.000002,0.000000,1.000000;;
               }
              }
             }
            }
           }

           Frame Bip01_L_Finger1 {
            

            FrameTransformMatrix {
             0.637197,-0.397009,-0.660579,0.000000,0.273961,0.917812,-0.287343,0.000000,0.720365,0.002121,0.693592,0.000000,1.207232,-0.323856,-0.005047,1.000000;;
            }

            Frame Bip01_L_Finger11 {
             

             FrameTransformMatrix {
              0.697429,0.000000,-0.716654,0.000000,-0.000000,1.000000,0.000000,0.000000,0.716654,0.000000,0.697429,0.000000,0.510192,0.000000,0.000002,1.000000;;
             }

             Frame Bip01_L_Finger12 {
              

              FrameTransformMatrix {
               0.783798,-0.000000,-0.621015,0.000000,-0.000000,1.000000,-0.000000,0.000000,0.621015,0.000000,0.783799,0.000000,0.679384,-0.000000,0.000001,1.000000;;
              }

              Frame Bip01_L_Finger1Nub {
               

               FrameTransformMatrix {
                1.000000,-0.000000,0.000000,0.000000,0.000000,1.000000,0.000000,0.000000,-0.000000,-0.000000,1.000000,0.000000,0.137978,0.000000,0.000000,1.000000;;
               }
              }
             }
            }
           }

           Frame Bip01_L_Finger2 {
            

            FrameTransformMatrix {
             0.670821,-0.192742,-0.716136,0.000000,0.130807,0.981249,-0.141565,0.000000,0.729993,0.001289,0.683454,0.000000,1.205764,-0.048615,0.006790,1.000000;;
            }

            Frame Bip01_L_Finger21 {
             

             FrameTransformMatrix {
              0.718674,-0.000000,-0.695348,0.000000,0.000000,1.000000,-0.000000,0.000000,0.695347,-0.000000,0.718674,0.000000,0.506202,0.000000,0.000000,1.000000;;
             }

             Frame Bip01_L_Finger22 {
              

              FrameTransformMatrix {
               0.783798,-0.000000,-0.621015,0.000000,0.000000,1.000000,0.000000,0.000000,0.621015,-0.000000,0.783798,0.000000,0.666979,0.000000,0.000000,1.000000;;
              }

              Frame Bip01_L_Finger2Nub {
               

               FrameTransformMatrix {
                1.000000,0.000000,-0.000000,0.000000,-0.000000,1.000000,-0.000000,0.000000,-0.000000,0.000000,1.000000,0.000000,0.114569,0.000000,0.000000,1.000000;;
               }
              }
             }
            }
           }

           Frame Bip01_L_Finger3 {
            

            FrameTransformMatrix {
             0.627380,0.193483,-0.754294,0.000000,-0.123535,0.981104,0.148912,0.000000,0.768852,-0.000243,0.639427,0.000000,1.198944,0.223684,0.001423,1.000000;;
            }

            Frame Bip01_L_Finger31 {
             

             FrameTransformMatrix {
              0.783799,0.000000,-0.621015,0.000000,-0.000000,1.000000,-0.000000,0.000000,0.621015,0.000000,0.783799,0.000000,0.525596,0.000000,-0.000002,1.000000;;
             }

             Frame Bip01_L_Finger32 {
              

              FrameTransformMatrix {
               0.783799,0.000000,-0.621015,0.000000,-0.000000,1.000000,-0.000000,0.000000,0.621015,0.000000,0.783798,0.000000,0.571335,-0.000001,0.000002,1.000000;;
              }

              Frame Bip01_L_Finger3Nub {
               

               FrameTransformMatrix {
                1.000000,0.000000,0.000000,0.000000,-0.000000,1.000000,0.000000,0.000000,0.000000,0.000000,1.000000,0.000000,0.116402,-0.000001,-0.000001,1.000000;;
               }
              }
             }
            }
           }

           Frame Bip01_L_Finger4 {
            

            FrameTransformMatrix {
             0.675424,0.363126,-0.641828,0.000000,-0.297934,0.930534,0.212937,0.000000,0.674566,0.047400,0.736692,0.000000,1.103014,0.457295,-0.072796,1.000000;;
            }

            Frame Bip01_L_Finger41 {
             

             FrameTransformMatrix {
              0.664305,0.000000,-0.747461,0.000000,-0.000000,1.000000,-0.000000,0.000000,0.747461,0.000000,0.664306,0.000000,0.447389,0.000001,0.000000,1.000000;;
             }

             Frame Bip01_L_Finger42 {
              

              FrameTransformMatrix {
               0.783799,-0.000000,-0.621015,0.000000,-0.000000,1.000000,-0.000000,0.000000,0.621015,0.000000,0.783799,0.000000,0.400812,0.000000,0.000002,1.000000;;
              }

              Frame Bip01_L_Finger4Nub {
               

               FrameTransformMatrix {
                1.000000,0.000000,0.000000,0.000000,-0.000000,1.000000,0.000000,0.000000,0.000000,-0.000000,1.000000,0.000000,0.301771,0.000000,0.000000,1.000000;;
               }
              }
             }
            }
           }

           Frame whal {
            

            FrameTransformMatrix {
             -0.501639,-0.027830,0.138197,0.000000,0.138275,0.002298,0.502384,0.000000,0.027441,-0.520322,-0.005173,0.000000,0.426623,-0.300699,-0.333719,1.000000;;
            }
           }
          }
         }
        }
       }

       Frame Bip01_R_Clavicle {
        

        FrameTransformMatrix {
         -0.253341,-0.965519,-0.059928,0.000000,-0.939591,0.260332,-0.222252,0.000000,0.230189,0.000003,-0.973146,0.000000,0.000002,-0.392461,-0.000654,1.000000;;
        }

        Frame Bip01_R_UpperArm {
         

         FrameTransformMatrix {
          0.537955,0.619500,-0.571685,0.000000,-0.512909,0.778742,0.361228,0.000000,0.668976,0.098898,0.736675,0.000000,1.503996,-0.000004,0.000000,1.000000;;
         }

         Frame Bip01_R_Forearm {
          

          FrameTransformMatrix {
           0.930542,-0.000000,0.366185,0.000000,0.000000,1.000000,-0.000000,0.000000,-0.366185,0.000000,0.930542,0.000000,2.542925,0.000000,0.000000,1.000000;;
          }

          Frame Bip01_R_Hand {
           

           FrameTransformMatrix {
            0.985707,0.106444,0.130581,0.000000,0.083904,-0.982316,0.167377,0.000000,0.146088,-0.154028,-0.977207,0.000000,2.896986,-0.000000,0.000000,1.000000;;
           }

           Frame Bip01_R_Finger0 {
            

            FrameTransformMatrix {
             0.501306,0.754220,-0.424080,0.000000,-0.849147,0.334651,-0.408605,0.000000,-0.166259,0.564942,0.808206,0.000000,0.710975,0.414133,-0.129368,1.000000;;
            }

            Frame Bip01_R_Finger01 {
             

             FrameTransformMatrix {
              0.992384,0.000000,-0.123184,0.000000,-0.000000,1.000000,-0.000000,0.000000,0.123184,0.000000,0.992384,0.000000,0.384853,0.000000,0.000000,1.000000;;
             }

             Frame Bip01_R_Finger02 {
              

              FrameTransformMatrix {
               0.985269,0.000000,-0.171009,0.000000,-0.000000,1.000000,-0.000000,0.000000,0.171009,0.000000,0.985269,0.000000,0.385460,-0.000004,0.000001,1.000000;;
              }

              Frame Bip01_R_Finger0Nub {
               

               FrameTransformMatrix {
                1.000000,-0.000000,0.000000,0.000000,-0.000000,-1.000000,0.000000,0.000000,0.000000,0.000000,1.000000,0.000000,0.280157,0.000002,0.000000,1.000000;;
               }
              }
             }
            }
           }

           Frame Bip01_R_Finger1 {
            

            FrameTransformMatrix {
             0.637196,0.397009,-0.660579,0.000000,-0.273961,0.917812,0.287343,0.000000,0.720365,-0.002121,0.693592,0.000000,1.207232,0.323856,-0.005047,1.000000;;
            }

            Frame Bip01_R_Finger11 {
             

             FrameTransformMatrix {
              0.697429,-0.000000,-0.716654,0.000000,-0.000000,1.000000,-0.000000,0.000000,0.716654,0.000000,0.697429,0.000000,0.510192,-0.000001,-0.000002,1.000000;;
             }

             Frame Bip01_R_Finger12 {
              

              FrameTransformMatrix {
               0.783799,0.000000,-0.621015,0.000000,-0.000000,1.000000,0.000000,0.000000,0.621015,0.000000,0.783798,0.000000,0.679380,0.000000,0.000000,1.000000;;
              }

              Frame Bip01_R_Finger1Nub {
               

               FrameTransformMatrix {
                1.000000,-0.000000,0.000000,0.000000,-0.000000,-1.000000,0.000000,0.000000,-0.000000,0.000000,1.000000,0.000000,0.137980,0.000000,-0.000000,1.000000;;
               }
              }
             }
            }
           }

           Frame Bip01_R_Finger2 {
            

            FrameTransformMatrix {
             0.670821,0.192742,-0.716135,0.000000,-0.130807,0.981249,0.141565,0.000000,0.729992,-0.001289,0.683454,0.000000,1.205763,0.048615,0.006788,1.000000;;
            }

            Frame Bip01_R_Finger21 {
             

             FrameTransformMatrix {
              0.718674,-0.000000,-0.695347,0.000000,-0.000000,1.000000,-0.000000,0.000000,0.695348,0.000000,0.718674,0.000000,0.506201,0.000001,-0.000002,1.000000;;
             }

             Frame Bip01_R_Finger22 {
              

              FrameTransformMatrix {
               0.783799,0.000000,-0.621015,0.000000,-0.000000,1.000000,0.000000,0.000000,0.621015,0.000000,0.783798,0.000000,0.666975,0.000000,0.000000,1.000000;;
              }

              Frame Bip01_R_Finger2Nub {
               

               FrameTransformMatrix {
                1.000000,-0.000000,-0.000000,0.000000,-0.000000,-1.000000,0.000000,0.000000,0.000000,0.000000,1.000000,0.000000,0.114569,0.000001,0.000000,1.000000;;
               }
              }
             }
            }
           }

           Frame Bip01_R_Finger3 {
            

            FrameTransformMatrix {
             0.627380,-0.193483,-0.754293,0.000000,0.123535,0.981104,-0.148912,0.000000,0.768852,0.000243,0.639427,0.000000,1.198946,-0.223685,0.001425,1.000000;;
            }

            Frame Bip01_R_Finger31 {
             

             FrameTransformMatrix {
              0.783798,0.000000,-0.621015,0.000000,-0.000000,1.000000,-0.000000,0.000000,0.621015,0.000000,0.783798,0.000000,0.525596,0.000000,0.000000,1.000000;;
             }

             Frame Bip01_R_Finger32 {
              

              FrameTransformMatrix {
               0.783799,-0.000000,-0.621015,0.000000,0.000000,1.000000,-0.000000,0.000000,0.621015,-0.000000,0.783799,0.000000,0.571337,0.000000,0.000000,1.000000;;
              }

              Frame Bip01_R_Finger3Nub {
               

               FrameTransformMatrix {
                1.000000,-0.000000,0.000000,0.000000,-0.000000,-1.000000,0.000000,0.000000,0.000000,0.000000,1.000000,0.000000,0.116400,0.000000,0.000001,1.000000;;
               }
              }
             }
            }
           }

           Frame Bip01_R_Finger4 {
            

            FrameTransformMatrix {
             0.675423,-0.363125,-0.641828,0.000000,0.297934,0.930534,-0.212937,0.000000,0.674566,-0.047400,0.736692,0.000000,1.103014,-0.457295,-0.072798,1.000000;;
            }

            Frame Bip01_R_Finger41 {
             

             FrameTransformMatrix {
              0.664305,0.000000,-0.747461,0.000000,-0.000000,1.000000,-0.000000,0.000000,0.747461,0.000000,0.664305,0.000000,0.447390,0.000000,0.000000,1.000000;;
             }

             Frame Bip01_R_Finger42 {
              

              FrameTransformMatrix {
               0.783799,-0.000000,-0.621015,0.000000,-0.000000,1.000000,-0.000000,0.000000,0.621015,0.000000,0.783798,0.000000,0.400814,0.000000,0.000001,1.000000;;
              }

              Frame Bip01_R_Finger4Nub {
               

               FrameTransformMatrix {
                1.000000,-0.000000,-0.000000,0.000000,-0.000000,-1.000000,0.000000,0.000000,0.000000,0.000000,1.000000,0.000000,0.301767,-0.000001,0.000000,1.000000;;
               }
              }
             }
            }
           }

           Frame gum {
            

            FrameTransformMatrix {
             0.994736,-0.026165,-0.099068,0.000000,0.026095,0.999657,-0.001996,0.000000,0.099087,-0.000600,0.995079,0.000000,1.157863,-0.054850,-0.242628,1.000000;;
            }
           }

           Frame stick {
            

            FrameTransformMatrix {
             -0.993493,0.026168,0.110839,0.000000,0.026285,0.999654,-0.000403,0.000000,-0.110811,0.002513,-0.993838,0.000000,1.162603,3.834961,-0.221058,1.000000;;
            }
           }
          }
         }
        }
       }
      }

      Frame slot_rhand {
       

       FrameTransformMatrix {
        0.496776,0.866025,-0.056687,0.000000,-0.860441,0.500000,0.098186,0.000000,0.113375,-0.000000,0.993552,0.000000,3.790697,-1.803894,0.932842,1.000000;;
       }
      }

      Frame stick_rslot {
       

       FrameTransformMatrix {
        0.485667,0.872384,-0.055429,0.000000,0.866940,-0.488819,-0.097309,0.000000,-0.111986,-0.000794,-0.993709,0.000000,0.110209,0.470362,1.281525,1.000000;;
       }
      }

      Frame whal_slot {
       

       FrameTransformMatrix {
        0.256177,-0.447060,-0.077624,0.000000,0.082184,-0.041952,0.512836,0.000000,0.446244,0.264371,-0.049886,0.000000,0.668186,0.226066,1.176170,1.000000;;
       }
      }

      Frame Bone30 {
       

       FrameTransformMatrix {
        -0.764265,0.000000,-0.644902,0.000000,0.000000,1.000000,0.000001,0.000000,0.644902,0.000000,-0.764265,0.000000,2.171131,0.000797,-0.828753,1.000000;;
       }

       Frame Bone31 {
        

        FrameTransformMatrix {
         0.907287,-0.000000,-0.420512,0.000000,0.000000,1.000000,-0.000000,0.000000,0.420512,0.000000,0.907287,0.000000,1.065482,0.000000,0.000000,1.000000;;
        }

        Frame Bone32 {
         

         FrameTransformMatrix {
          0.933221,0.000000,-0.359303,0.000000,-0.000000,1.000000,0.000000,0.000000,0.359303,0.000000,0.933221,0.000000,1.102469,0.000000,0.000002,1.000000;;
         }

         Frame Bone33 {
          

          FrameTransformMatrix {
           1.000000,0.000000,-0.000000,0.000000,-0.000000,1.000000,-0.000000,0.000000,0.000000,0.000000,1.000000,0.000000,1.126072,0.000000,-0.000002,1.000000;;
          }
         }
        }
       }
      }
     }
    }

    Frame Bip01_L_Thigh {
     

     FrameTransformMatrix {
      -0.935676,0.227976,0.269328,0.000000,-0.250921,-0.966522,-0.053603,0.000000,0.248092,-0.117735,0.961555,0.000000,-1.032297,0.971587,0.036925,1.000000;;
     }

     Frame Bip01_L_Calf {
      

      FrameTransformMatrix {
       0.905675,0.000000,0.423972,0.000000,-0.000000,1.000000,-0.000000,0.000000,-0.423972,-0.000000,0.905676,0.000000,4.551893,0.000000,-0.000000,1.000000;;
      }

      Frame Bip01_L_Foot {
       

       FrameTransformMatrix {
        0.833198,-0.057492,0.549977,0.000000,0.020290,0.997090,0.073493,0.000000,-0.552602,-0.050075,0.831940,0.000000,5.348633,0.000000,0.000000,1.000000;;
       }

       Frame Bip01_L_Toe0 {
        

        FrameTransformMatrix {
         0.000000,0.000000,-1.000000,0.000000,-0.000000,1.000000,0.000000,0.000000,1.000000,0.000000,0.000000,0.000000,1.110513,0.000000,-1.623291,1.000000;;
        }

        Frame Bip01_L_Toe0Nub {
         

         FrameTransformMatrix {
          1.000000,-0.000000,-0.000000,0.000000,-0.000000,-1.000000,0.000000,0.000000,0.000000,0.000000,1.000000,0.000000,0.669183,-0.000000,-0.000000,1.000000;;
         }
        }
       }
      }
     }
    }

    Frame Bip01_R_Thigh {
     

     FrameTransformMatrix {
      -0.938243,-0.223463,0.264129,0.000000,0.252578,-0.964136,0.081519,0.000000,0.236440,0.143198,0.961036,0.000000,-1.042219,-0.959531,0.063378,1.000000;;
     }

     Frame Bip01_R_Calf {
      

      FrameTransformMatrix {
       0.897271,0.000000,0.441480,0.000000,-0.000000,1.000000,0.000000,0.000000,-0.441481,-0.000000,0.897271,0.000000,4.551895,0.000000,-0.000000,1.000000;;
      }

      Frame Bip01_R_Foot {
       

       FrameTransformMatrix {
        0.849140,0.053531,0.525448,0.000000,-0.012042,0.996554,-0.082066,0.000000,-0.528030,0.063358,0.846859,0.000000,5.348633,0.000000,0.000000,1.000000;;
       }

       Frame Bip01_R_Toe0 {
        

        FrameTransformMatrix {
         0.000001,0.000000,-1.000000,0.000000,0.000001,1.000000,0.000000,0.000000,1.000000,-0.000001,0.000001,0.000000,1.110512,0.000000,-1.623292,1.000000;;
        }

        Frame Bip01_R_Toe0Nub {
         

         FrameTransformMatrix {
          1.000000,-0.000000,0.000000,0.000000,0.000000,1.000000,0.000000,0.000000,-0.000000,-0.000000,1.000000,0.000000,0.669184,0.000000,0.000000,1.000000;;
         }
        }
       }
      }
     }
    }
   }

   Frame Bone01 {
    

    FrameTransformMatrix {
     -0.633713,0.483949,-0.603490,0.000000,0.371819,0.874669,0.310973,0.000000,0.678349,-0.027322,-0.734230,0.000000,0.986771,0.213855,-1.365721,1.000000;;
    }

    Frame Bone02 {
     

     FrameTransformMatrix {
      0.886276,-0.130114,-0.444507,0.000000,0.116306,0.991499,-0.058333,0.000000,0.448318,0.000000,0.893874,0.000000,1.129885,-0.000001,-0.000023,1.000000;;
     }

     Frame Bone03 {
      

      FrameTransformMatrix {
       1.000000,0.000000,0.000000,0.000000,-0.000000,1.000000,-0.000000,0.000000,-0.000000,-0.000000,1.000000,0.000000,1.317423,0.000000,-0.000002,1.000000;;
      }
     }
    }
   }

   Frame Bone22 {
    

    FrameTransformMatrix {
     -0.987895,-0.000001,-0.155124,0.000000,-0.000001,1.000000,-0.000003,0.000000,0.155124,-0.000003,-0.987895,0.000000,1.009327,0.000793,-1.419267,1.000000;;
    }

    Frame Bone23 {
     

     FrameTransformMatrix {
      0.983672,-0.000000,-0.179969,0.000000,-0.000000,1.000000,-0.000000,0.000000,0.179969,0.000000,0.983672,0.000000,1.930149,-0.000000,-0.000006,1.000000;;
     }

     Frame Bone24 {
      

      FrameTransformMatrix {
       1.000000,0.000000,0.000000,0.000000,-0.000000,1.000000,-0.000000,0.000000,-0.000000,0.000000,1.000000,0.000000,1.875866,-0.000000,0.000000,1.000000;;
      }

      Frame Bone28 {
       

       FrameTransformMatrix {
        0.999928,0.000000,-0.012007,0.000000,-0.000000,1.000000,0.000000,0.000000,0.012007,0.000000,0.999928,0.000000,0.199997,0.000000,0.000001,1.000000;;
       }

       Frame Bone29 {
        

        FrameTransformMatrix {
         1.000000,0.000000,0.000000,0.000000,-0.000000,1.000000,-0.000000,0.000000,-0.000000,0.000000,1.000000,0.000000,3.253441,0.000000,0.000001,1.000000;;
        }
       }
      }
     }
    }
   }

   Frame Bone04 {
    

    FrameTransformMatrix {
     -0.633711,-0.483953,-0.603488,0.000000,0.371822,-0.874667,0.310976,0.000000,0.678349,0.027321,-0.734231,0.000000,0.986774,-0.212268,-1.365719,1.000000;;
    }

    Frame Bone05 {
     

     FrameTransformMatrix {
      0.886275,-0.130114,-0.444507,0.000000,0.116306,0.991499,-0.058332,0.000000,0.448318,0.000000,0.893874,0.000000,1.129886,0.000000,-0.000019,1.000000;;
     }

     Frame Bone06 {
      

      FrameTransformMatrix {
       1.000000,0.000000,-0.000000,0.000000,-0.000000,1.000000,-0.000000,0.000000,0.000000,0.000000,1.000000,0.000000,1.317423,0.000000,0.000000,1.000000;;
      }
     }
    }
   }

   Frame Bone11 {
    

    FrameTransformMatrix {
     -0.995377,-0.000001,-0.096047,0.000000,-0.000001,1.000000,0.000001,0.000000,0.096047,0.000002,-0.995377,0.000000,0.652494,0.000793,-1.126091,1.000000;;
    }

    Frame Bone12 {
     

     FrameTransformMatrix {
      0.998303,0.000000,-0.058237,0.000000,0.000000,1.000000,0.000004,0.000000,0.058237,-0.000004,0.998303,0.000000,2.496126,-0.000000,-0.000004,1.000000;;
     }

     Frame Bone13 {
      

      FrameTransformMatrix {
       1.000000,-0.000000,0.000000,0.000000,0.000000,1.000000,0.000000,0.000000,-0.000000,-0.000000,1.000000,0.000000,1.807364,0.000000,0.000000,1.000000;;
      }
     }
    }
   }

   Frame Bone07 {
    

    FrameTransformMatrix {
     -0.970791,0.231787,0.061959,0.000000,-0.070235,-0.027618,-0.997148,0.000000,-0.229415,-0.972374,0.043091,0.000000,0.714489,1.614788,-0.150480,1.000000;;
    }

    Frame Bone08 {
     

     FrameTransformMatrix {
      0.988469,-0.000000,0.151421,0.000000,0.000000,1.000000,0.000000,0.000000,-0.151421,-0.000000,0.988469,0.000000,1.560001,-0.000000,0.000008,1.000000;;
     }

     Frame Bone09 {
      

      FrameTransformMatrix {
       0.998176,0.000000,0.060386,0.000000,0.000000,1.000000,-0.000000,0.000000,-0.060386,0.000000,0.998175,0.000000,1.902920,0.000000,0.000000,1.000000;;
      }

      Frame Bone10 {
       

       FrameTransformMatrix {
        1.000000,0.000000,-0.000000,0.000000,-0.000000,1.000000,-0.000000,0.000000,0.000000,0.000000,1.000000,0.000000,1.391010,0.000000,0.000000,1.000000;;
       }
      }
     }
    }
   }

   Frame Bone14 {
    

    FrameTransformMatrix {
     -0.958934,-0.000000,0.283629,0.000000,-0.000001,1.000000,-0.000003,0.000000,-0.283629,-0.000003,-0.958934,0.000000,0.897640,0.000799,0.924219,1.000000;;
    }

    Frame Bone15 {
     

     FrameTransformMatrix {
      0.994205,-0.000000,0.107507,0.000000,0.000000,1.000000,0.000000,0.000000,-0.107507,-0.000000,0.994205,0.000000,1.650061,-0.000000,0.000010,1.000000;;
     }

     Frame Bone16 {
      

      FrameTransformMatrix {
       0.999513,-0.000000,-0.031227,0.000000,-0.000000,1.000000,-0.000000,0.000000,0.031227,0.000000,0.999512,0.000000,1.245825,0.000000,-0.000000,1.000000;;
      }

      Frame Bone17 {
       

       FrameTransformMatrix {
        1.000000,-0.000000,-0.000000,0.000000,0.000000,1.000000,0.000000,0.000000,0.000000,-0.000000,1.000000,0.000000,1.595432,0.000000,0.000000,1.000000;;
       }
      }
     }
    }
   }

   Frame Bone25 {
    

    FrameTransformMatrix {
     -0.886584,0.000000,0.462567,0.000000,-0.000001,1.000000,-0.000003,0.000000,-0.462567,-0.000003,-0.886584,0.000000,1.308741,0.000802,1.117860,1.000000;;
    }

    Frame Bone26 {
     

     FrameTransformMatrix {
      0.929153,0.000000,0.369695,0.000000,-0.000000,1.000000,-0.000000,0.000000,-0.369695,-0.000000,0.929153,0.000000,1.635248,-0.000000,0.000000,1.000000;;
     }

     Frame Bone27 {
      

      FrameTransformMatrix {
       1.000000,0.000000,0.000000,0.000000,-0.000000,1.000000,-0.000000,0.000000,-0.000000,0.000000,1.000000,0.000000,1.853424,-0.000000,-0.000001,1.000000;;
      }
     }
    }
   }

   Frame Bone18 {
    

    FrameTransformMatrix {
     -0.968872,-0.235503,0.076323,0.000000,-0.099634,0.088710,-0.991062,0.000000,-0.226627,0.967816,0.109413,0.000000,0.714491,-1.613195,-0.150470,1.000000;;
    }

    Frame Bone19 {
     

     FrameTransformMatrix {
      0.988469,-0.000000,0.151420,0.000000,0.000000,1.000000,-0.000000,0.000000,-0.151420,0.000000,0.988469,0.000000,1.560003,0.000000,0.000008,1.000000;;
     }

     Frame Bone20 {
      

      FrameTransformMatrix {
       0.998176,-0.000000,0.060386,0.000000,0.000000,1.000000,0.000000,0.000000,-0.060386,0.000000,0.998175,0.000000,1.902920,0.000000,0.000001,1.000000;;
      }

      Frame Bone21 {
       

       FrameTransformMatrix {
        1.000000,0.000000,-0.000000,0.000000,-0.000000,1.000000,-0.000000,0.000000,0.000000,0.000000,1.000000,0.000000,1.391008,0.000000,0.000000,1.000000;;
       }
      }
     }
    }
   }
  }
 }

 Frame lege_hair {
  

  FrameTransformMatrix {
   1.011911,-0.000000,0.070760,0.000000,-0.000000,1.068287,0.000000,0.000000,-0.074520,-0.000000,1.065685,0.000000,0.000000,17.829996,-0.536728,1.000000;;
  }
 }

 Frame m2_hair06 {
  

  FrameTransformMatrix {
   1.178819,0.000000,0.000000,0.000000,0.000000,1.102527,-0.000000,0.000000,0.000000,0.000000,1.116151,0.000000,0.000000,18.413097,-0.248800,1.000000;;
  }
 }

 Frame m2_hair07 {
  

  FrameTransformMatrix {
   1.178819,0.000000,0.000000,0.000000,0.000000,1.102527,-0.000000,0.000000,0.000000,0.000000,1.116151,0.000000,0.000000,18.404152,-0.248800,1.000000;;
  }
 }

 Frame m2_bs_hand01 {
  

  FrameTransformMatrix {
   1.068287,0.000000,0.000000,0.000000,0.000000,1.068287,0.000000,0.000000,0.000000,-0.000000,1.068287,0.000000,-0.022513,18.310411,0.671757,1.000000;;
  }
 }

 Frame m_new_face01 {
  

  FrameTransformMatrix {
   0.993306,0.000000,0.000000,0.000000,0.000000,0.993306,0.000000,0.000000,0.000000,-0.000000,0.993306,0.000000,0.000000,18.210972,0.632802,1.000000;;
  }
 }

 Frame m_cos_gt2008_leg {
  

  FrameTransformMatrix {
   1.068287,0.000000,0.000000,0.000000,0.000000,1.068287,0.000000,0.000000,0.000000,-0.000000,1.068287,0.000000,0.009251,18.316317,0.671757,1.000000;;
  }
 }

 Frame m_cos_gt2008_body {
  

  FrameTransformMatrix {
   1.068287,0.000000,0.000000,0.000000,0.000000,1.068287,0.000000,0.000000,0.000000,-0.000000,1.068287,0.000000,0.000000,14.475449,-0.190952,1.000000;;
  }
 }

 Frame m_cos_gt2008_foot {
  

  FrameTransformMatrix {
   1.068287,0.000000,0.000000,0.000000,0.000000,1.068287,0.000000,0.000000,0.000000,-0.000000,1.068287,0.000000,0.060511,18.316317,0.671757,1.000000;;
  }
 }

 Frame m_gt_flower_grass {
  

  FrameTransformMatrix {
   1.000000,0.000000,0.000000,0.000000,0.000000,1.000000,0.000000,0.000000,0.000000,0.000000,1.000000,0.000000,0.000000,18.580973,-0.276108,1.000000;;
  }
 }

 Frame m2_bs_hand08 {
  

  FrameTransformMatrix {
   1.068287,0.000000,0.000000,0.000000,0.000000,1.068287,0.000000,0.000000,0.000000,-0.000000,1.068287,0.000000,-0.007031,18.310411,0.671757,1.000000;;
  }
 }

 Frame Object01 {
  

  FrameTransformMatrix {
   1.000000,0.000000,0.000000,0.000000,0.000000,1.000000,0.000000,0.000000,0.000000,0.000000,1.000000,0.000000,0.009251,18.316317,0.671757,1.000000;;
  }
 }

 Frame Object02 {
  

  FrameTransformMatrix {
   1.000000,0.000000,0.000000,0.000000,0.000000,1.000000,0.000000,0.000000,0.000000,0.000000,1.000000,0.000000,0.015349,14.930250,-0.145021,1.000000;;
  }
 }

 Frame Object03 {
  

  FrameTransformMatrix {
   1.000000,0.000000,0.000000,0.000000,0.000000,1.000000,0.000000,0.000000,0.000000,0.000000,1.000000,0.000000,0.009251,18.316317,0.671757,1.000000;;
  }
 }

 Frame pumpkin {
  

  FrameTransformMatrix {
   0.047832,0.000000,0.000000,0.000000,0.000000,0.047832,0.000000,0.000000,0.000000,0.000000,0.047832,0.000000,0.000000,18.366425,-0.259020,1.000000;;
  }
 }

 Frame Group09 {
  

  FrameTransformMatrix {
   1.000000,0.000000,0.000000,0.000000,0.000000,1.000000,0.000000,0.000000,0.000000,0.000000,1.000000,0.000000,0.000000,8.741589,0.011313,1.000000;;
  }

  Frame m2_bs_leg08 {
   

   FrameTransformMatrix {
    1.068287,0.000000,0.000000,0.000000,0.000000,1.068287,0.000000,0.000000,0.000000,-0.000000,1.068287,0.000000,0.009251,9.574730,0.660444,1.000000;;
   }
  }

  Frame m2_bs_body09 {
   

   FrameTransformMatrix {
    1.068287,0.000000,0.000000,0.000000,0.000000,1.068287,0.000000,0.000000,0.000000,-0.000000,1.068287,0.000000,0.015349,6.188662,-0.156334,1.000000;;
   }
  }

  Frame foot08 {
   

   FrameTransformMatrix {
    1.068287,0.000000,0.000000,0.000000,0.000000,1.068287,0.000000,0.000000,0.000000,-0.000000,1.068287,0.000000,0.009251,9.574730,0.660444,1.000000;;
   }
  }

  Frame m2_bs_hand09 {
   

   FrameTransformMatrix {
    1.068287,0.000000,0.000000,0.000000,0.000000,1.068287,0.000000,0.000000,0.000000,-0.000000,1.068287,0.000000,-0.007031,9.568823,0.660444,1.000000;;
   }
  }
 }

 Frame m_transformer_body {
  

  FrameTransformMatrix {
   1.000000,0.000000,0.000000,0.000000,0.000000,1.000000,0.000000,0.000000,0.000000,0.000000,1.000000,0.000000,0.000000,14.930250,-0.145021,1.000000;;
  }
 }

 Frame m2_bs_hand07 {
  

  FrameTransformMatrix {
   1.068287,0.000000,0.000000,0.000000,0.000000,1.068287,0.000000,0.000000,0.000000,-0.000000,1.068287,0.000000,-0.007031,18.310411,0.671757,1.000000;;
  }
 }

 Frame m_transformer_hand {
  

  FrameTransformMatrix {
   1.000000,0.000000,0.000000,0.000000,0.000000,1.000000,0.000000,0.000000,0.000000,0.000000,1.000000,0.000000,0.015349,14.930250,-0.145021,1.000000;;
  }
 }

 Frame Object07 {
  

  FrameTransformMatrix {
   1.068287,0.000000,0.000000,0.000000,0.000000,1.068287,0.000000,0.000000,0.000000,-0.000000,1.068287,0.000000,11.815577,18.316317,0.671757,1.000000;;
  }
 }

 Frame m_transformer_leg {
  

  FrameTransformMatrix {
   1.000000,0.000000,0.000000,0.000000,0.000000,1.000000,0.000000,0.000000,0.000000,0.000000,1.000000,0.000000,0.000000,18.316317,0.671757,1.000000;;
  }
 }

 Frame Object10 {
  

  FrameTransformMatrix {
   1.068287,0.000000,0.000000,0.000000,0.000000,1.068287,0.000000,0.000000,0.000000,-0.000000,1.068287,0.000000,4.410150,18.316317,0.671757,1.000000;;
  }
 }

 Frame Object08 {
  

  FrameTransformMatrix {
   1.068287,0.000000,0.000000,0.000000,0.000000,1.068287,0.000000,0.000000,0.000000,-0.000000,1.068287,0.000000,4.376634,18.316317,0.671757,1.000000;;
  }
 }

 Frame m_transformer_foot {
  

  FrameTransformMatrix {
   1.000000,0.000000,0.000000,0.000000,0.000000,1.000000,0.000000,0.000000,0.000000,0.000000,1.000000,0.000000,0.000000,18.316317,0.671757,1.000000;;
  }
 }

 Frame m_transformer_mask02 {
  

  FrameTransformMatrix {
   1.000000,0.000000,0.000000,0.000000,0.000000,1.000000,0.000000,0.000000,0.000000,0.000000,1.000000,0.000000,0.000000,18.335529,-0.816967,1.000000;;
  }
 }

 Frame m_transformer_mask01 {
  

  FrameTransformMatrix {
   1.000000,0.000000,0.000000,0.000000,0.000000,-0.000000,1.000000,0.000000,0.000000,-1.000000,-0.000000,0.000000,0.000000,18.161024,-1.061681,1.000000;;
  }
 }

 Frame m_transformer_mask03 {
  

  FrameTransformMatrix {
   1.000000,0.000000,0.000000,0.000000,0.000000,-0.000000,1.000000,0.000000,0.000000,-1.000000,-0.000000,0.000000,7.552352,18.161024,-1.061681,1.000000;;
  }
 }

 Frame m_transformer_mask {
  

  FrameTransformMatrix {
   1.000000,0.000000,0.000000,0.000000,0.000000,1.000000,0.000000,0.000000,0.000000,0.000000,1.000000,0.000000,5.447278,18.335529,-0.816967,1.000000;;
  }
 }

 Frame m_transformer_mask04 {
  

  FrameTransformMatrix {
   1.000000,0.000000,0.000000,0.000000,0.000000,-0.000000,1.000000,0.000000,0.000000,-1.000000,-0.000000,0.000000,10.745124,18.161024,-1.061681,1.000000;;
  }
 }

 Frame Object04 {
  

  FrameTransformMatrix {
   1.000000,0.000000,0.000000,0.000000,0.000000,-0.000000,1.000000,0.000000,0.000000,-1.000000,-0.000000,0.000000,0.000000,18.161024,-1.061681,1.000000;;
  }
 }

 Frame m_transformer {
  

  FrameTransformMatrix {
   1.000000,0.000000,0.000000,0.000000,0.000000,1.000000,0.000000,0.000000,0.000000,0.000000,1.000000,0.000000,-0.145294,-0.111220,2.316389,1.000000;;
  }
 }

 Frame m_transformer01 {
  

  FrameTransformMatrix {
   1.000000,0.000000,0.000000,0.000000,0.000000,1.000000,0.000000,0.000000,0.000000,0.000000,1.000000,0.000000,0.000000,0.000000,1.905081,1.000000;;
  }
 }

 Frame m_transformer02 {
  

  FrameTransformMatrix {
   1.000000,0.000000,0.000000,0.000000,0.000000,1.000000,0.000000,0.000000,0.000000,0.000000,1.000000,0.000000,0.000000,0.000000,0.026576,1.000000;;
  }
 }
}

Frame Object09 {
 

 FrameTransformMatrix {
  1.000000,0.000000,0.000000,0.000000,0.000000,0.984808,0.173648,0.000000,0.000000,-0.173648,0.984808,0.000000,-0.000000,-0.648747,-2.398254,1.000000;;
 }

 Mesh {
  1863;
  -0.019212;4.121364;1.056186;,
  -0.009910;4.664258;0.906109;,
  0.971272;4.653357;1.298607;,
  0.989613;4.178268;1.378792;,
  -0.019212;4.121364;1.056186;,
  1.274343;4.877337;1.876588;,
  1.284564;4.403556;2.088403;,
  0.989613;4.178268;1.378792;,
  1.284564;4.403556;2.088403;,
  1.274343;4.877337;1.876588;,
  0.910968;5.109044;2.450143;,
  0.908714;4.516384;2.584386;,
  1.284564;4.403556;2.088403;,
  0.910968;5.109044;2.450143;,
  -0.012629;5.123719;2.754054;,
  -0.021413;4.599689;2.840123;,
  -0.009910;4.664258;0.906109;,
  -0.016482;5.782047;0.076453;,
  0.695945;5.777613;0.549072;,
  0.971272;4.653357;1.298607;,
  1.347317;5.702146;0.779853;,
  1.513563;5.878580;1.474353;,
  1.274343;4.877337;1.876588;,
  1.274343;4.877337;1.876588;,
  0.942693;5.504258;2.658849;,
  0.017142;5.559228;2.732607;,
  0.800182;6.343967;-0.112914;,
  -0.026501;6.292434;-0.287448;,
  1.665313;6.407226;0.907400;,
  1.347317;5.702146;0.779853;,
  1.513951;6.321982;0.074949;,
  1.513563;5.878580;1.474353;,
  1.665313;6.407226;0.907400;,
  1.669905;7.136997;1.685509;,
  0.995989;5.897538;2.627877;,
  1.059033;6.276912;2.454554;,
  0.031957;6.344906;2.747439;,
  0.025934;6.003616;2.769957;,
  0.633043;7.422240;-0.359855;,
  -0.007873;7.301550;-0.528743;,
  1.151977;6.774617;2.316610;,
  1.289913;7.513950;1.867071;,
  0.057352;6.985567;2.493428;,
  1.573872;7.474128;-0.234748;,
  1.023764;7.853183;-0.030946;,
  1.519713;8.028806;0.416541;,
  0.668876;8.253848;0.297815;,
  1.051477;7.901250;1.262279;,
  1.519713;8.028806;0.416541;,
  0.344719;7.853674;-0.198326;,
  -0.007873;7.301550;-0.528743;,
  1.051477;7.901250;1.262279;,
  0.242619;8.037334;0.980775;,
  1.573872;7.474128;-0.234748;,
  1.059033;6.276912;2.454554;,
  1.289913;7.513950;1.867071;,
  0.057469;7.781619;1.698531;,
  0.060447;7.390083;2.215341;,
  1.743273;7.798345;1.272673;,
  1.185162;6.836502;-0.116054;,
  0.668876;8.253848;0.297815;,
  0.242619;8.037334;0.980775;,
  0.049459;8.015281;1.131614;,
  1.151977;6.774617;2.316610;,
  0.057352;6.985567;2.493428;,
  1.669905;7.136997;1.685509;,
  0.025934;6.003616;2.769957;,
  0.017142;5.559228;2.732607;,
  0.060447;7.390083;2.215341;,
  0.908714;4.516384;2.584386;,
  1.041378;4.013593;2.757182;,
  1.437663;3.914118;2.154625;,
  -0.021413;4.599689;2.840123;,
  -0.044003;3.942274;3.028872;,
  1.041378;4.013593;2.757182;,
  0.134670;3.686235;0.993776;,
  -0.019212;4.121364;1.056186;,
  0.989613;4.178268;1.378792;,
  1.080470;3.785545;1.333628;,
  1.284564;4.403556;2.088403;,
  1.437663;3.914118;2.154625;,
  -0.009302;3.643682;1.040343;,
  -0.019212;4.121364;1.056186;,
  0.350529;8.179826;-0.048381;,
  0.011490;7.853894;-0.280733;,
  0.019362;8.149629;-0.251370;,
  1.185162;6.836502;-0.116054;,
  0.695945;5.777613;0.549072;,
  0.003653;7.511547;-0.261752;,
  0.011490;7.853894;-0.280733;,
  0.668876;8.253848;0.297815;,
  -0.007873;7.301550;-0.528743;,
  -0.019212;4.121364;1.056186;,
  -1.030908;4.208030;1.363176;,
  -0.994554;4.677544;1.289111;,
  -1.325342;4.421279;2.062014;,
  -1.297265;4.908978;1.864168;,
  -1.325342;4.421279;2.062014;,
  -0.950948;4.539264;2.575404;,
  -0.933531;5.131737;2.441234;,
  -1.297265;4.908978;1.864168;,
  -0.714838;5.805717;0.568355;,
  -0.016482;5.782047;0.076453;,
  -1.297265;4.908978;1.864168;,
  -1.502144;5.938754;1.502105;,
  -1.354764;5.750162;0.802679;,
  -0.911503;5.541198;2.684194;,
  0.017142;5.559228;2.732607;,
  -0.840353;6.383712;-0.073353;,
  -1.651249;6.487574;0.987379;,
  -1.544468;6.396079;0.148703;,
  -1.502144;5.938754;1.502105;,
  -1.583028;7.215804;1.763954;,
  -1.651249;6.487574;0.987379;,
  -0.951006;5.936327;2.654490;,
  -1.004808;6.318030;2.482766;,
  -0.633315;7.452919;-0.329317;,
  -1.053444;6.828046;2.369794;,
  0.057352;6.985567;2.493428;,
  -1.176933;7.573712;1.926558;,
  -1.563410;7.550131;-0.159098;,
  -1.451158;8.100779;0.488178;,
  -0.986424;7.901878;0.017526;,
  -0.597247;8.284522;0.328349;,
  -1.451158;8.100779;0.488178;,
  -0.949447;7.949730;1.310525;,
  -0.317003;7.869706;-0.182369;,
  -0.150247;8.046855;0.990249;,
  0.060447;7.390083;2.215341;,
  -1.644106;7.880407;1.354352;,
  -1.200747;6.894304;-0.058518;,
  -0.597247;8.284522;0.328349;,
  0.049459;8.015281;1.131614;,
  0.025934;6.003616;2.769957;,
  -0.950948;4.539264;2.575404;,
  -1.494266;3.914119;2.103457;,
  -1.119246;4.013595;2.719476;,
  -0.021413;4.599689;2.840123;,
  -0.151563;3.686235;0.988781;,
  -1.108645;3.785547;1.295424;,
  -1.030908;4.208030;1.363176;,
  -0.019212;4.121364;1.056186;,
  -1.108645;3.785547;1.295424;,
